1943703111
2342896218
34397949310
0
32892295629
15307203686
4414010095
3497065965
0
1459883292
0
8677115728
7757558093
0
3458915483
5860051840
0
0
2810385729
1351388572
1866155279
19715608779
2635850989
0
4764136728
11700331654
2367981383
1459093700
162213019
243157687
6611601678
1234617106
2672748036
3938538894
6861081589
273408172
0
4470366302
704845671
5150057828
3235528127
0
0
2137774696
19165149900
560646597
8126880276
0
0
6179541066
10638049330
8689500660
5367849110
13566347592
26788461600
8350130559
3109412930
6424533054
0
0
4973527077
0
0
905347802
0
0
26811442235
0
1729237959
5345009932
0
0
0
0
0
2176835034
0
2058659804
1404438037
15449206124
0
27834631951
8040199521
13433269573
10404109348
0
13120944435
21143139143
11656291045
15962276337
0
0
1417295046
8714238843
0
0
0
11353713496
4853908942
3346729284
338570019
9459408341
0
391875118
0
1576248581
1397998743
6059811137
352941403
0
0
2226567980
0
117120462
3926722635
283969464
24076410170
0
0
1073563141
0
13970799740
16407414958
1668171178
15737822290
9266291170
8510745597
477850170
2514194284
13113232120
21384934489
0
0
2801935904
13246260954
3823790079
1946638761
8109510774
0
10571977130
0
719591216
0
5691586890
0
0
0
11136654082
0
735121621
2009457220
0
1565214191
7260944180
0
1444226400
6594193880
0
3940998575
0
19066851536
0
4677147574
1544620011
0
1727672727
1318997332
1110763061
32478492
3872037863
5050369932
0
1267218804
2425205035
822942403
1632470118
0
0
13237772279
8441782957
2582376594
0
0
3156954175
150941121
11968833619
2983542571
0
0
0
0
0
2609902200
3991422696
3101086032
7723018140
0
0
115089788
3771487384
0
0
8166782234
10787825588
6272839083
10109690580
1312365390
10318687760
2797544870
597062227
8599525131
4807790934
1605100924
1361141347
184116001
1207968219
0
0
4004209493
2391366704
1539950875
7686419172
14037306249
0
23870074782
0
0
4261629602
8786427501
14781501196
0
6808136160
0
4615135592
8352476703
761669445
0
550950644
10266601873
0
0
0
11945132160
0
0
754490600
1244628770
2751780579
3845310886
0
14193519725
0
0
4978728767
0
0
3072059671
0
0
6806862634
801861702
0
2414101198
8595113800
1433977556
0
0
4433759811
6200186884
0
0
0
10945087170
2771416915
38501124036
5706654335
20556283661
5825982540
2169835254
4719833273
12328571793
1728142478
0
549798246
5331765669
11177931630
0
146929380
0
0
15863901903
2741495178
18734136788
3212237248
0
0
7180510613
0
0
0
13210638724
4309639958
8613715775
1823357000
21062179002
9166996777
0
0
2635341764
10250130381
511038873
6244246836
4962985868
0
2277413428
288041752
2110259246
7010293442
8136207073
2520444245
0
12773898966
2876060125
0
840809980
96767525
0
0
17105797414
6033128655
9177640129
32107186706
1147196564
627811979
116456701
5739116485
12150457321
0
1581018502
16615253337
0
1481485820
4027311171
11555795187
0
1129028019
0
833085522
0
26953290077
11849034303
1435864401
19956262139
0
0
8632273421
2365066660
0
14337046245
8112963744
37425204452
0
0
3521026806
0
0
0
4177894429
1802091589
0
990476924
20644056352
400414572
2670480827
4086144610
2869424492
5159909772
179299577
1297026117
10286608692
11196033565
23249258760
0
0
0
0
15912405282
155497399
0
0
10530177975
3403764396
0
344097174
20442340201
0
8534988528
10647152536
0
2333433354
19211620576
9899623680
0
267757668
1963536943
491500438
2734815680
271930615
9202226920
0
0
5062804665
0
0
0
1283005068
14744282331
5966514089
6783261528
1765047423
558415808
8016974802
0
7912118702
0
0
4761388052
0
0
5959521262
16086664406
2347419195
10822769855
4911864010
0
101401367
4016048380
222844626
4803495941
0
3785551318
0
4361192640
3182589694
88530489
0
2613638135
0
18732916466
0
3814838426
1430756332
36263739491
2551814376
0
649808060
0
0
62176087
17099166670
0
383572968
0
4596299056
0
0
0
1497771886
0
0
585142233
6191313718
9444056722
13418110593
0
7625042515
0
7499110274
3383376958
9756815600
11654402670
14052873302
0
1116113778
0
781250697
6142715810
6010295055
0
2888702852
0
1545930652
10219711463
0
5061847531
0
10467478560
0
252733623
3228006490
0
1946369267
0
0
9110474204
47469812894
0
397303579
2292566246
795556308
0
0
0
4249269634
2763525612
1679266447
5471001553
15375271126
19136229901
55405978
0
0
0
9413869656
9557053309
0
9855529205
0
0
2738095034
9361312608
4472689363
0
0
7478545417
0
6193637636
576213594
2764157553
3458487356
6044177965
1396123136
765981788
0
1030386533
0
0
3026386811
0
0
1147132128
5000690640
8181275060
11285410038
3354347380
20930048704
0
0
11478245575
10166088537
0
1733014586
1010330962
12084035788
2541483087
1230273319
949563467
0
0
20429739
5393670205
5353853784
21312211649
2396536685
3236128332
2110201612
12422989950
0
29345446
4941113947
613657828
0
0
488445094
7581976386
2474799828
578756898
3167143833
8347703820
1848475593
0
843810420
2306093338
1389991926
0
0
0
0
2380836101
1079853329
0
0
474725489
4667343549
1729187418
467463417
13583433050
882215558
4779742002
3945022894
0
0
16419814773
1088002351
17530116707
0
1332098998
17454751850
0
0
31207357
2130557506
5594963674
0
2550396434
27202554753
0
22220889286
1459692703
0
5037149252
2459503458
27856798634
0
5711726943
0
2914951776
0
1492004270
4418238292
0
0
9937502904
1590271741
0
0
16609929549
0
2467507494
2577902912
0
7723625672
3766671148
10355399913
0
8106263885
2268731525
23022792718
14204848989
1643518200
0
9384468849
6461524112
774916974
3686121099
4880309958
0
0
0
10950905552
0
0
1173513293
2800564865
0
7039857636
8000424196
0
10236262312
0
0
0
0
20484691285
6467328
0
0
2006423895
0
3690987550
14936186367
0
16821037238
4574349717
4122609802
842753615
0
0
1029291041
0
0
11659187124
0
9866006284
303746593
0
4740796056
0
6805729755
811289361
2810457782
854877089
3295205363
829993121
1496260186
1481266128
5149977285
16627357818
0
0
7336918934
93293588
32323715541
8760153501
0
0
11584821494
0
0
0
1807406367
14976736796
5281722708
3623575164
2775381370
0
16071464925
0
8437313445
141486495
1962190280
4768583620
908530053
0
0
1421620610
9805978557
0
4155509944
2024864662
0
1021200258
0
2788993406
10441351691
0
14468033715
1181900819
0
17766060630
2055959105
12853542837
2883776592
764594828
2904766098
6736096432
9042512645
8886027391
2127795472
2652237972
1691398205
0
2095930980
0
481622445
12000530493
14568942580
7212557686
30892308280
409574932
0
5437836220
0
1602933544
3349171151
16227845747
6144780853
0
2160512595
1414144641
2984638605
3393107362
0
0
0
0
5055622110
1534615853
11145607620
0
25002923654
0
0
16638035400
1092923169
0
3600519572
3353607863
17632858911
0
18895641075
6372161828
21357071685
20361552600
10913140072
27405743840
0
2337807352
0
3038615566
10882968624
0
0
0
0
3166684602
3175393326
2515338915
4907710126
50361695580
10856423852
13745192945
29087308
18313217208
0
3207597114
0
3012898169
0
0
3542243747
14085134775
0
1741933669
6344262003
435755184
640610850
0
0
0
12007263039
11267780813
13428936972
0
2912949641
70251782
7504979252
4521435637
0
430503203
3199679151
0
933803273
0
0
4823346076
2141492847
0
27696697348
223788621
5009513312
6642244010
7075380545
0
2196510805
2794375070
0
1842618645
4830889260
1177129975
1761387902
5329772912
1176485625
0
0
19851607868
0
1551814702
5099747142
2925462689
3184161825
13094989401
5450465305
145422236
8373801639
0
2122976616
0
0
4347821791
3889006620
1411369407
5428541166
5930958712
0
9555063665
0
2061567544
36225457
0
0
16281491085
5228390881
22451886486
442543564
8030842290
4740499507
0
6199364688
0
5396978988
0
9244520522
24135130172
5022447749
0
4124941032
2068484595
2429752172
7047044243
16698423210
2821023397
1825909002
0
12510193969
405101666
7192726228
307212302
3965159523
0
7158205273
16808708683
2079195786
0
23938417617
13819466790
448006203
0
6712341480
3803649390
4867315735
267780925
2697089121
10964367651
14788110658
0
0
9969284805
14754236761
5345852897
0
0
235825864
0
0
0
8330262200
0
73778228
21383006565
15347319336
218980600
0
0
0
0
0
4451059375
0
2350822945
2373022916
0
396284909
0
0
3744575484
3844427139
4329014632
2090367340
3065712255
7350896348
168439538
958392068
13114904740
1631834218
5852733892
95396989
12879008382
0
5671424255
21359146898
0
0
6856086208
699408847
28373586903
3411833710
0
1083723350
0
4603134340
8662336603
143665671
0
3417450028
0
0
8707928862
4129050458
8349382789
357761274
0
7364071050
2210603784
4220012499
9974491206
3790304903
271722450
5017785354
0
4450249004
0
0
958126219
0
18873979050
2438000907
2199853696
1984287263
2548757056
1615848448
4269721239
0
6470266204
0
29472565267
0
0
0
3646794269
2531369023
1828908306
0
0
114339900
4639114311
2215175916
68770332
3387090699
822012917
0
0
6123202867
0
0
836571027
7891041154
3561896598
337451931
13840505592
26640817
7874086746
4315612031
0
0
0
0
4701883335
4984609608
0
1441024814
1569066523
0
0
18694912181
0
12419935039
3340371519
0
2312392235
2944179600
0
0
4707403912
0
948987437
1396337530
0
0
0
0
0
0
1854440972
1615140692
1053231810
361024175
17358149228
842474198
4078352962
0
452992091
5465082741
633380102
0
0
9782610162
0
0
0
0
625399264
1575927111
4493065383
3374658234
11142474954
0
7546885013
5026537747
6280807381
136349636
0
18244888190
7502677444
17523688020
30263693876
361481919
13490487110
0
7242416256
10209694352
3949518388
4523353492
0
0
0
0
12660855607
83484252
1626075149
16270366225
2053476813
95729850
12234055394
8622683272
5065492195
3007220783
300737784
0
433387518
18505009777
0
1986486374
3049368094
20127162951
11375506480
0
7290120740
617177194
3260018749
7071052910
30895870
0
192174020
8195653075
10939065417
0
0
17433675877
2955278043
4346289224
2601023550
0
507412543
0
21387714927
2355155014
0
13599909649
0
0
3858193161
6022593834
1378654001
8136249142
4618915542
9539577670
0
9720665356
0
1310576888
2069426855
5521186838
1252732334
0
0
8672872738
0
16505866948
935390451
348816887
603801743
2912358756
3741511092
0
67169870
24327999853
14071479487
7343696476
0
4342833222
0
0
3899129494
8104025742
2267881945
1549695676
10394566398
5076641695
29978052960
4456349990
5167658504
3208961551
2118087174
2049737032
0
607777375
0
374653917
0
0
0
893442886
14171121727
594160901
686681992
11664552136
0
12790948650
0
0
104417247
5415670064
5855239306
1667053407
23571328896
17077001937
2935811028
10794004221
917245063
7004920535
4108112990
0
1744621924
1842260178
6030936849
0
4898629718
0
0
1785262930
0
4715239701
0
46458944260
1866055664
7839634572
11820942524
0
0
0
3270693598
1215877090
3906856902
10280328264
0
3139825954
0
5222166102
2834586678
0
946229726
0
0
7370324192
0
20924491469
499186305
0
5005940662
1493771871
5037942669
5688505736
684082166
862037118
432401417
2546453536
0
0
15997013331
0
0
0
2498391069
2427820362
5537162691
4254495966
2565233971
4035750768
0
9676020145
0
3415337803
0
5966174717
0
2909905903
0
9661099264
5473264608
19519751396
0
4207452964
12809662287
3860245700
1324669254
0
12411377615
0
0
638673595
15005897595
5767691004
0
3704965779
0
0
526063640
12427727448
0
2759218923
25380552611
6899366660
1075981202
10583690242
0
1991663131
0
0
15186729630
0
3789568972
10212581670
3512468169
118911739
2763187745
0
1953015483
0
0
6815955820
2074336620
1952564094
35484472500
0
1240333285
20853605988
0
98541218
12486790014
0
8231917120
4364663756
2721626538
3700086837
4582250812
4285346391
20824399200
0
5455202124
0
17644745908
4511467618
6522264208
0
4513838767
0
0
1483066786
588856026
1235758644
6780488690
2872730145
0
6140225721
8408910921
0
0
0
1265238046
8471588844
18365967315
2236227669
687674551
14088009174
0
0
8991808335
7579834224
0
3884475067
0
38061449
22081018522
6775743812
775487050
7300970062
2170782840
1532480627
6521482354
0
2951007416
0
0
0
5853606170
28678803064
0
16113801582
10506479956
311368473
10808809
0
0
2983795954
0
622638949
834853411
0
0
1733546462
0
0
30474909668
1888378482
13256239956
4091830545
7714308915
0
0
0
143673279
6339883911
8464976946
945424855
0
132289476
1864161641
4874473410
0
6519010624
1276461938
5212027527
28152027910
443622706
0
11456510050
5436886752
0
7025888375
916572524
2760193082
19743305861
1080606048
3017877436
3138704543
0
0
12061165417
219947856
1431389070
12315091002
225366056
0
1717499977
1589202789
4179588484
2410686850
0
0
0
12753667649
39153683529
0
1438509089
0
1572326496
0
0
29927706997
2550991850
2100426078
8054435176
3510888592
4274484673
0
2741387447
4512751986
1611363375
0
5391419598
5652955502
7492184413
11088358190
657487469
7446206984
0
5196078769
2346975478
0
0
2966412271
1801469086
1701642878
4741133406
0
4666836355
0
27171746400
8079238008
9016409227
8597665614
3585637835
954174784
1666459506
0
0
0
0
587211341
6778514950
9483311431
158510108
3088803900
0
0
14445569356
22123144282
0
0
0
0
3165744958
10087506985
7584738185
4814256558
0
15568184892
8072131896
0
4877874249
0
0
10201109212
4264352566
3990294845
33510023320
21883364438
6626251245
3814803013
2773712832
15898139228
0
11005456980
2367625076
7458824162
6949365232
8714475944
244115592
1849451122
2490049803
1367182985
0
6181577554
1998112940
2402129802
0
0
0
6152267346
3570540136
1970084635
0
12340768685
685847430
19565873789
536543398
2945428419
4495248035
8956820301
0
9041523695
2323269734
626014971
0
0
1741044110
4412443935
2855959282
812908540
22300926608
8842686696
4234300850
121600513
0
20902997484
0
0
1391711306
4481026324
7767811864
0
5476241070
5624533065
2706483114
2673280599
0
0
14933202235
3488491706
0
18214650993
8322754834
0
0
2804343540
0
8493042450
0
985888531
0
0
9934397561
138693187
1490533328
0
0
3601111491
0
0
402873557
0
0
0
0
0
5437362258
16543720070
0
0
3489158265
1273866970
123295660
5257986019
9754224985
1320570427
337764320
0
309017170
0
0
0
0
0
0
0
33303297875
262111757
0
7221317689
19649707769
7103730302
19656670390
15780129139
0
0
8189244924
29867839032
8983085235
8782375806
0
2937310923
4743561045
11633441908
1500100202
3001298502
0
9149845394
181801584
0
0
0
874875726
2449419478
0
3711264890
0
1653064287
0
10268522828
0
1868992008
0
2450816412
4001368396
3245788769
12534004425
0
17771755859
6406199774
0
9939302176
0
0
4348111786
0
25042976613
0
9654181128
0
1281241348
0
12079378792
0
800518108
905202776
1912283740
36743062373
0
0
0
17609084838
4456679965
13705210965
0
14367148353
240419290
577438675
5883872036
880070199
21165721848
0
0
0
4492146032
62403923
6302709147
0
7979171898
0
39011721070
0
0
0
7668330812
7222927866
0
4390676717
0
1358537012
10274323641
4866595281
0
610361943
1285152326
431774772
0
3935608632
2630196499
4298818845
2979032632
1409610111
6607939218
0
259056530
267479309
28761563
0
0
14484068717
0
0
4554451741
0
0
1015165336
0
0
3874997173
21812335864
6179847615
0
781420672
316816232
31807537937
2282088212
5152258875
0
3252192019
0
4297533413
0
1776606021
0
0
3293429959
12340391316
1434923467
12841342144
7154477594
2818755784
5945770700
0
0
0
3144861632
2943858219
19001160707
0
675125277
12171152864
2389268623
6880335
0
0
2190771778
15946245864
0
12306781732
9209282702
0
0
11831305185
10453197879
5735586165
575735106
1146205618
15147395106
798642942
2471972558
11640040059
0
0
21805423292
0
0
266623095
0
0
446667848
0
3010676369
0
0
2890490711
4710154361
2367681378
0
2299710842
0
0
0
2271827520
173574229
1473220690
0
42943639898
3164240497
3438377838
0
11460495988
30621866087
2952342157
7668964445
0
1735232403
1551882651
10284424637
44078240
0
113196807
0
2831449068
2154301554
0
1004809822
8236571090
0
11690134750
2918129835
0
0
3641802980
4137866012
0
12107209452
14848542485
0
16049274625
0
0
4905113132
11942361550
8145075460
7383436017
1123372396
10676834853
2639886291
0
3327038262
1191673648
0
6063252602
2426623257
14204138728
10364881995
0
0
0
5942153256
656313353
3480524412
1328608586
0
1563683903
10756041375
0
1178321602
777595244
4939425864
4372322976
0
14539027698
11836393638
8863714730
0
3088835440
2314061487
0
2357938306
7383678460
0
4540210229
0
9374741880
0
12072227818
0
0
2904651167
0
6393105568
417984072
34548287960
3396211780
0
14407136374
1271559872
5826260132
1713794646
0
0
6841410555
7799024918
1959060358
0
3850262755
559703882
509537022
6828685503
0
4292631741
9485182765
0
0
18605717453
32125218
830122432
7315321584
18857325117
10178647030
103371994
760807276
0
801928486
3905374863
17963578182
0
0
5017118952
4921220645
0
11754653444
3049652604
644068249
0
1165177382
13479392497
10099837995
1301019896
0
0
1125982163
0
1842590542
0
1773026433
0
6609283064
22983616757
0
659972100
0
1708467519
8099471444
0
2785607775
0
1165534806
0
0
1621790222
20212936
6207546729
8185188911
2328272766
6161960878
0
27661520002
0
3642553140
5871202437
4934142362
270306714
0
4587092365
894009214
0
6760005224
935227920
535176078
212044181
0
3514668069
0
0
0
4142435938
1305997892
0
1187519393
3613470410
4891279582
6165093224
1240099814
0
2256693183
0
16612746650
0
29080485
3031456730
2254767185
0
1890215316
0
0
6840457591
2427396669
8070879724
454958191
441185680
787078424
1163721201
2419640935
1056031840
2852123200
3493384977
87205445
0
0
3899786087
1016028446
0
3243172282
4764217728
2731937017
11575074590
1429110400
0
0
0
0
12790093928
359804639
174599871
0
91051837
0
562137730
15464085827
1845574497
4895201231
2727243864
1152309844
0
0
43990153
0
579781592
10271335338
0
8516523562
14060386495
4283708406
0
3071860144
3155938310
4944402313
3065371765
939710553
11309292007
0
0
0
3714530454
8910187376
0
0
376776797
0
1081047976
0
0
0
2639722133
4121751330
2146806711
4876985329
90768577
2982821160
0
7354457723
0
12976310727
2440553470
3423822185
4745294620
8668628270
750613742
0
6710660765
4371181750
0
5939040024
0
5528164304
4182370893
0
14512255341
5437697566
4666776606
0
0
0
0
1546715440
0
2633340947
0
0
2262230155
0
433457270
4466427216
3691270303
0
2846056641
584942993
10601198165
14889570293
3590069600
1525960480
7878690449
1852283919
0
0
0
0
949688173
3681627408
0
0
3477403298
8133141318
78090408
8693863393
3414142993
4783803052
0
0
0
0
1270836907
0
3653940447
5900388915
3539233178
604774155
0
8023631228
230926733
2675153595
132806479
9488960801
15704967321
0
673094486
972187082
2553895039
4861834730
3370289278
15279656728
0
6126326971
3502797789
0
1100904601
1446556018
6700378445
22487919417
14665307949
0
11693979404
0
180768495
0
2695024470
0
0
8376514044
9645503761
1918910442
7616374434
18216878174
0
16722563317
0
0
3711399886
234597619
1457374617
2781756494
169824739
0
3239957236
9766591170
0
5976041865
15187424035
14311365950
4614266820
564125936
227723250
7924883488
5957582326
2575643012
26102242200
5328343740
9140153732
16710084433
20768887489
0
593508164
8161074086
0
2030624012
0
1119164682
563582587
0
13335414601
0
92183766
2934421002
4425531288
0
0
7189186
0
24064775758
9278058581
6065082304
0
22213668431
2595433547
0
0
13080440421
49507513
14125440924
3909715834
2594940272
0
0
231074467
0
16407274300
0
7050003090
0
1596024840
31835609276
551583672
0
1954148267
2748350708
0
967543476
799475054
11978544807
3032153897
7612669912
1062351002
0
0
2411482286
2408104614
0
0
749825254
0
1074835232
14602110310
6141859512
0
7070594969
0
729953932
5791367214
4886927185
0
0
3922014971
0
4075969773
0
0
0
3943399563
686070806
1650675081
0
0
170001515
1364441346
2436090014
0
15840445020
4014121408
0
4726300563
3799339909
0
0
2888807849
0
4848572338
5578556820
0
3349019180
11286442765
0
6849622416
1428488657
6926268561
2633692296
5527458672
1879128138
0
2535944100
0
1012882417
298846588
10660643660
4714256428
3038213319
0
12496806945
0
5097468585
947386018
4076973777
7460229280
4764228294
794367750
1325267267
4341397973
0
0
8105759246
10009560500
3627639056
0
272287273
0
31074478931
0
1914831967
6246986531
9778732038
3871781213
14700865910
3038710561
2200717688
1290581117
0
0
89808671
0
414058489
857125448
1790253747
1541994064
1483788859
4496924807
0
8667074820
288183537
2534275528
3019874252
257624868
5731239032
132635892
0
41698852773
0
0
3157973617
7670535589
4662104073
5259598812
0
3242622958
0
2010712972
3341515243
0
4362982859
4214026543
9178325578
6564019238
5766162764
0
21159176540
6257975762
0
3597914523
6144340856
1427877297
0
17417281291
0
0
531340139
9752857420
25507513497
0
7502762992
4108342213
8594674930
0
6999921670
0
4438013448
0
9374769066
768543865
0
0
15845650462
0
12517200760
0
1553782641
30032234330
13079377590
0
1063769116
5688200508
6700987395
5619316865
0
0
4867753241
6264950176
11446507314
0
6892772414
26210707523
0
0
10413045359
9360225877
1712574402
0
2432325252
1869224203
15830695034
0
66378193
8461902319
0
4691308803
0
1754751032
19370646601
12656505543
0
0
0
0
1125375832
1948361792
0
5348862373
0
824508332
7046018298
0
488264579
8078649736
7646578788
10390755978
3540714375
15684905452
235831903
5663904094
3468006600
0
14651649350
2021144669
2797381734
30455633420
52820943022
4666261478
0
4744206624
563242767
1407357552
937690216
3888549634
11770328580
4989989172
0
0
0
0
2737948312
0
12233163410
0
5411260846
0
8125256596
0
4871744417
2865412206
0
15286482600
1010562822
1462693054
0
0
11606929390
0
0
10579059073
13766323095
1309569563
0
20764723052
9816354441
9693731238
2979222019
528992221
7929088752
0
2952139864
28205069854
0
0
5437683686
0
4391880138
5402598453
4977649074
1825273067
7855934876
29805881535
11298579862
0
0
1109358252
2444662826
0
4312422160
16189700006
8692939990
0
5161608029
9809216548
11165530
0
5792927390
0
3435064335
5625746808
508480085
8881975123
23094722700
6437342361
5080889696
0
21609095632
0
2757502076
5606856891
5324639356
0
37749668238
0
1672179776
12931454760
3424064587
0
0
4900605896
328944672
895075548
0
17715677015
0
0
3588093365
14984333901
0
203879507
0
28220694249
11642263782
0
9804483258
3090075325
5711777496
6156045924
6168085283
30238413347
4820526145
0
21296913150
19062968049
3964323925
14286955390
0
0
0
0
976208839
1569084044
7009329610
13930718259
0
4195759263
0
0
2544480980
0
626495503
7998922804
3409381216
13776968994
0
0
0
2344240508
0
0
0
2860795658
2991522692
401952992
6807060395
0
0
0
4959308613
0
1936598604
231323610
5093660181
0
17333121068
6895568735
0
4832186065
1187484294
5181725564
5825622693
2088863016
2538092526
5351540837
0
3184578058
2477270975
0
2372730044
521052281
19384071227
8426800635
8012862328
375701970
13041068750
5922110997
0
667948051
21910906272
389866720
0
9981092323
1764263334
0
0
0
0
1158215538
1012813015
0
0
1016658186
4005058848
2168805974
5947007844
4182834756
600647034
4805076490
7213087081
1374748448
6538024085
0
3169673284
0
0
490075635
2686431760
3206062206
2284108861
23343483344
1879959543
0
14631641898
6957786663
6050917255
0
1380306437
550143514
0
16846292981
3951856147
6548051983
0
0
552087070
3100348415
0
0
2584480609
0
2394402276
1101074971
11775178812
3888859598
0
2478138710
2037218963
3970001736
2637914485
0
337600415
10006178783
19756877841
15745723920
1634028693
1694005718
1970931994
3343821635
5142724184
324204355
0
0
1482297650
0
6333970323
22081431360
2299481409
218949987
1612704495
0
0
4440328032
0
4960488400
2426141093
0
0
6796951284
0
298115082
0
318526428
0
3532898244
7564250240
11460567753
876602666
4533843923
0
940845377
9018723970
4007381547
4978112002
9992777063
29802745329
12513862845
7047725260
0
875177977
707665494
0
4826496421
40856895938
0
8224179740
0
58556468
7919315852
3848994737
0
3227267972
0
405826234
0
3101815430
0
8207608630
1030428131
0
4390921467
0
0
3625314036
0
6008777818
0
0
1136531291
6733971542
408450726
0
1945428
6956424460
21273715885
0
5628224050
1431231365
10406662728
5643083248
0
383395622
0
0
2333395081
0
6019375940
3120851108
3557636088
2440528746
2490893800
4090343044
13632108847
7531738851
0
1558570332
0
0
0
683661184
0
0
8516876463
0
2956254925
6599249247
805679539
0
5297256900
5860300092
270532995
3282113114
99384153
6659643888
3119109398
0
5007214047
10476193255
0
0
2965241176
0
0
1758510125
0
9623282435
13945172112
0
0
5846171072
3009170567
0
0
15437781058
0
0
12269017320
574887798
0
26268583508
91809585
13619140865
4175852065
1940050719
526067563
0
32733114124
35546826884
3369069737
0
5002939434
0
4763076803
1359523023
9219298838
0
2351485500
27310068443
9119271084
16537330762
0
8947795759
3872040778
2073378491
0
0
735067690
1473325902
0
18805751434
5351616718
2472338683
0
9543287295
5697167007
789042463
0
8331937482
0
1873000496
0
0
0
0
15484992006
0
2222715820
0
0
8075305686
0
6328276522
4619342898
0
0
0
0
0
0
0
4497722164
600088640
0
0
2881607770
5748115732
4053292992
33391659415
10121201664
6216082467
4990211840
2370756101
3135754965
2740246854
11159146225
1271593727
5847623499
0
8856086640
306991052
0
0
7824979421
0
13065009056
3467774020
6772861086
0
0
5603705454
937654612
0
1225398737
0
8511359631
0
575941711
1322401487
1386049177
0
1074826482
0
0
8074282392
87374120
2087851475
613257487
5410001043
2130009346
10146224466
808844495
13090998144
0
120280752
5932955311
8612693618
0
1553404516
4248060603
6095803029
11600757386
18284114125
8922446750
10368320900
3892777351
4829123334
0
5495040630
1885416189
1283127981
1180238072
58794339
771852410
1869953131
5678069349
6960719862
12353361150
18584259031
6789876258
0
0
0
0
2136196686
9502807
4564248363
86123501
0
898139482
25744033256
1066449950
0
1491305548
0
14421205026
3082317226
1340041427
5430115521
0
0
0
31359135600
0
5931675704
253564501
4384964384
0
11626680200
16641954590
0
2843645904
0
2145664281
4912708113
278103175
0
33150188387
0
4771010432
2882765220
6994361118
0
30179110890
0
0
0
0
2239853045
7997674923
3668549312
6641471934
970385547
464044169
6152333825
738939496
0
1350164308
216428577
0
0
12436755360
46423829924
960852416
9439929148
9020069982
4550475786
0
4545410046
3193000010
718060933
15799410421
0
0
0
726638592
1944599980
0
6735587592
4603696796
8034062533
5095498513
0
3084975196
1832527877
930710042
9798773013
0
5492714345
7372891425
1215629411
0
0
29920806744
2795624315
1512605084
2148149392
0
11956554426
47337634
6648813140
0
0
0
0
2754345434
1807456514
0
0
262072443
0
0
767934265
3005441548
0
22316831920
5025070670
140781884
0
0
0
0
28242934731
2158410764
8384679762
14383055925
0
0
103011252
19348637203
12532362961
0
2751826105
8312207643
0
0
689819762
0
5485626404
0
34920913
2626587728
0
0
0
471348596
10702327486
3370444540
1136390040
19370708742
0
21281138982
265882159
0
1399835303
168635530
13037552668
2358614571
9023743369
0
0
15247266994
461971394
0
2722287330
270234889
415887758
6801550900
2322789062
815054074
5386281910
2850218643
0
0
4646012332
0
0
0
3382499720
10700106369
1907683650
0
4819332800
11473505442
531591982
8056381146
10803762232
1388483372
0
2373526985
80798068
656771776
57798049
12277442183
7313659863
823727043
0
3067279108
462294099
4862781104
2641315817
10680659888
1077747817
0
1118174147
0
15434186701
248326797
788952268
0
888281319
0
7139023660
4617977163
7889197419
2442996409
0
1366791352
1949019232
685016624
8247605988
0
0
2394431796
318667379
0
776258247
3707311400
0
10429692614
0
18954095640
7469878518
12292246852
0
3967849133
12725433036
0
9197597403
6439694541
0
0
0
0
3369300354
0
3102793857
0
1062857430
0
1042542256
0
4028942960
1316178484
2956558392
3393752684
1806573156
3274619883
2966940994
2216226975
1903050590
4466376920
25158677232
0
0
713541126
422511009
21510739490
3221832773
1696587862
3705626133
0
933606549
0
3624251500
15632541215
4789645194
3286681588
5086711398
1560529533
1959758702
0
0
9090193656
478208091
23166945640
1172115880
1937504776
5223341058
21059438330
0
7439517953
8276131721
818942778
1770714998
1413305796
2267612493
0
12062796765
0
225538504
0
1349656049
0
1202344592
5720253158
0
3424775076
13784453898
0
8158942204
15389108363
10510936492
14775122343
0
0
1192350148
0
0
609052298
5327441886
0
1173386741
0
10660776323
3522083585
2372589577
1088509328
5237191995
27063690
3775223273
12672831914
0
0
1883151771
0
6140490930
657367964
38152938
3084097044
7530196657
576345099
0
0
3540425819
3892355980
0
3061288446
0
27973639584
4485210782
2076723484
2798953669
3331369858
7557333298
1784037063
11181933601
0
4248827233
4859681710
0
8698661995
883044892
14438481443
0
9050976005
0
7391931970
333925512
0
6654723815
2633607024
8946590500
0
4787386592
0
8013195908
0
7603442080
4597372539
519359972
3639509074
1741118785
0
7109676893
882770862
15750565211
9658851749
6669578890
3167316370
9128414449
0
0
881282315
1211710607
13481077530
463479669
2584353005
6255074781
112908900
0
31730482147
3774065237
16975133574
1731602847
0
2512062899
2771355168
393128543
4117161498
2571718810
3669480133
464129153
127968094
2678751211
16281766365
4834173244
8879126974
4693102209
0
951763772
18820173226
0
0
0
2377330740
6188677578
870503962
3040531525
3555019840
3455298617
380019791
995519828
112120253
0
0
0
0
390518975
5009457183
54351518
0
0
274125084
0
8122971544
0
5348828111
0
17639206920
0
1594795153
0
1268910264
18531805528
10079512652
5869846487
0
4645061574
0
100281568
3973762016
371412557
11669217970
2239820993
1445492506
0
197637334
6228745208
4754300034
0
0
0
2739504579
0
18041393514
4732534304
0
2327945830
0
3606864711
6584689970
1164694819
14868015783
0
12966575645
19949430322
0
5683275867
0
4989188700
1390854118
4526496295
4886924177
487355422
3000245045
1187043364
12913497756
14747322000
0
0
0
416981075
1108458581
15348640
14656682478
358347969
0
5762113844
0
0
669416083
6424576447
439427357
2098681581
8004433278
8376329148
5744073235
0
6618239752
4406284103
0
1412184017
0
89959417
3256080293
4364411507
0
2773385570
2826815882
0
0
1609999348
351152675
3124758696
2658427676
3970569474
11232829016
6399926096
1272779267
39273536
0
0
0
167585242
3645293177
6498443376
4578907586
19820212033
0
894167224
1748104368
0
0
0
15892567915
2366136683
25353884025
773228980
6579281238
0
19030361482
4853705241
0
0
0
0
0
892134145
4217296072
0
6085752407
0
0
19642871496
11673427900
711165252
367725793
0
0
2280518518
6537795104
0
0
0
2009846628
0
15205048180
3970782057
0
3294407294
3881751873
2651886428
1046858930
9932815675
3752187975
2113008944
5040355690
15947198728
624032346
0
0
3061504599
9159445904
23855692320
9193862588
0
0
4760403312
11642733660
0
0
573439359
0
0
0
4201400958
8295875735
4523321350
10273484307
2735425790
4744410434
0
0
0
0
312994360
8193266239
8095464116
7354401590
0
2069754634
9675258565
1665439241
972821830
485335718
0
3090576036
0
6271835612
0
0
0
0
0
3406422783
2778639159
2196252548
1532737400
5656319904
22245458880
6735563097
2303713350
0
14296656204
0
7954823819
0
0
3729769855
2415247688
3627850418
20658086210
8799064441
16613452536
18126808120
5042693307
4919850124
216898269
2708726601
12810686244
7025500732
1884695892
0
18606894789
7593414965
0
0
3043411653
1070133296
2947766931
1712540691
0
0
45372186751
6939238012
0
0
0
4032788320
5175139912
0
0
0
16404877592
9176303719
0
5221140317
7349838978
0
0
5176597270
5089083312
2050702112
0
2817833620
288753277
241356448
0
18712376312
5240670853
5827483749
0
0
6717979020
3368943140
6890610297
1955281607
0
0
0
3386255570
442120685
3886397304
0
0
3726602902
361404164
11251171785
0
840165058
0
0
0
5192226682
5245414767
0
0
0
606983584
3406743998
21219306910
3591999584
0
21381409900
20755902120
50708769
311959254
1125285234
4295660455
2694662160
0
0
126461719
3126149432
2147598252
7727245697
0
3177802925
136344986
9339472564
0
18013057850
8298812790
0
0
0
0
2120529207
14631626421
820553966
0
1627166952
0
0
318071080
1120527627
0
4148207520
6092475660
4912811788
0
18713715926
8007254788
0
1366745256
0
0
15458701605
360835567
4910717853
11567868352
5984435277
5894384550
7649117542
3484009644
0
31121217314
0
24408181080
1233042470
953311851
0
3732425099
0
488865750
1443919454
4235241351
0
0
3579201122
6184921717
0
0
9446127404
6223973394
0
7868562225
0
0
0
323346022
0
15802233156
9257354286
0
8721759667
255469819
1190960194
3278352079
244259834
17640220847
0
0
3547558338
0
0
5005125270
4443393484
1816287295
3609592366
5979450515
1595021134
0
2533582878
1910829746
1111142685
16290656255
0
0
0
0
0
0
2267397731
6515323216
5900933658
0
2456058890
8460252731
9216360
8131584483
418598739
11387092577
4073213314
160885202
6948256619
0
7389774543
0
0
11702437062
5446269144
8570730108
0
9660676716
3368938348
41639705236
0
1446532230
16748771581
0
0
17764348660
0
0
9722799261
4651566801
8909254090
20640566160
0
0
3609772465
0
2480199288
6428748472
0
48758095190
0
0
151532631
0
0
0
3821570079
3427548748
920584676
5753542674
10279228247
1414737151
10835416700
343497706
1787258926
0
1085730296
900713113
0
0
0
0
6198881191
7434979089
4802720815
27433021
22884513222
2507389114
109829446
0
0
0
4504018747
0
0
11268575914
8772062050
0
0
0
1346821974
1826941850
2521395534
0
9784651820
14150997340
0
2725827814
0
0
14999923158
0
0
0
1647436111
25806963526
1535715010
10471873310
0
3444213556
11981078653
4043137908
5299979475
5457259842
7114283953
3965654722
0
403279349
2808350957
128884106
7685810536
258644657
0
2352164804
1134054437
2981090322
10285444818
2327012560
0
0
0
5472431653
344801154
19706329591
10622175993
18128690943
12799262418
643027865
11647245132
389311118
5457329551
0
0
2544126810
1892067527
1552635144
11833181408
4881259010
11522078468
0
7729411418
3730844576
6463239712
6804649818
0
11260696725
34657601205
1744541919
22973176322
0
3983708767
0
7081643733
0
9504703810
0
0
0
0
2321834656
1187687977
0
3586508393
472614580
0
5031833180
0
0
948654260
1463116931
4230583568
3390922252
4748768403
11054981908
0
5846088493
2309242030
18581397584
5148229548
0
9932104432
9192565860
11652221412
924963404
0
929841882
3233394704
2277411796
2013436830
1549155149
1351679553
17065881525
27945222415
5176982838
5482556040
0
0
0
0
2617949944
0
3286360296
0
12688972925
1271228336
118626037
0
1121182474
4051776055
1111493020
0
0
3176464530
3629684598
136517381
1490752528
0
5029512384
1541214033
10662263706
101961928
2325808909
0
478554093
1042278516
11377590472
0
1302968108
0
2117793545
4404859794
540510550
75946419
0
0
6888999269
14945759850
15265392688
200074723
7287242039
0
1505861678
0
10758552804
31116285210
812284560
0
0
0
3840487999
4078352714
5742094528
4890761194
0
874988399
0
5634071104
5656967196
0
286313415
0
0
5248158243
408226785
4942403067
2012215723
2049884588
952862591
4544841408
0
530270970
912178064
0
3711001173
19979288098
3390606260
0
0
0
4561132466
35735272130
0
6857985526
0
31115819760
12036819330
0
9161035596
3460333325
2324642325
0
3427246414
0
0
0
13749204580
0
0
0
573538488
8758106377
0
0
30682923626
7568969906
549975903
1641627303
3631526257
2586397565
1713871905
0
11901264830
8582829691
22910772106
0
28053915
1260919952
6617835168
0
3232281246
0
0
745997540
5759149654
0
3467229048
3847066985
1362231297
10910249970
0
0
861285945
433948141
0
5528140384
2291303122
19406586050
10180262750
0
8894315428
3814479340
23431925907
3196551339
0
2074440666
4885323935
5104994088
0
3728929660
17513510686
28644777199
4741770384
5227899777
3940839461
10618820333
21557502360
819819181
0
23681658044
5385780153
0
1784050000
4200155977
130535321
163481337
1516120989
7223730165
21440756610
33393524423
0
59847625
2008895531
0
2379350427
0
1754062992
0
7918033006
5920227672
2479544273
11969523944
1644380858
10025802818
5401097671
0
4039122830
0
0
10161774162
8518975412
8892897095
2899652825
0
668917047
8206304645
0
1416780032
284904866
0
0
7775088919
3787381691
0
1220329131
0
937141143
0
0
0
17903408875
771134320
9683136474
2679751358
3226228960
27287059679
5207744010
13854655491
0
1496340645
739002454
4657674234
10314121241
0
0
0
4918650587
0
0
0
42313084
0
14921009364
8871535285
0
0
0
4993273589
12478068234
17782278856
9881229631
12609408399
0
1503254185
1193112967
13818155976
466999010
0
21548052875
710236358
15021111010
407832851
0
2838175070
908950274
3220263309
10252865568
4459667870
0
6105271543
312227854
0
1930557524
2419213253
0
2715499212
14755305672
0
124331478
0
0
0
8034741534
3510500464
14426711296
0
0
1496200026
4756977476
386093497
0
0
0
8751424240
10197701812
0
0
0
1351366406
3423678267
0
0
0
2970623433
9579193660
0
6371871908
5127457864
0
639314630
1506000396
0
13998930796
1173819806
18003528507
360886518
2156252574
1660782251
6330939530
6602346684
3444530475
11464476581
0
9935983620
13857607024
283436045
0
9658954184
0
0
0
4443265855
2140947945
2557075468
820251686
0
0
0
197449833
3327162390
0
0
11514951465
1104662571
1650115703
6815413149
3026566594
0
4946753876
403488641
214368980
904284458
3217350376
1461535470
0
3326588919
22886655780
4185773105
14491984510
1328302492
0
6014996029
8114817913
0
0
19327222719
1659987070
0
1250209165
4830287121
0
1505981357
0
17125137090
0
0
1523294232
0
4723097579
6742930221
0
0
0
5476194618
1585676343
0
0
121492326
0
5458315722
175061356
0
0
654424360
556616115
6375231198
3161607760
2449313221
0
102118111
2875374585
0
0
2041745063
0
0
0
557949927
0
0
0
0
6653070843
5814496362
2391048834
9150188271
0
6384589879
3802099904
0
3464022152
0
4301085903
0
0
23037700655
0
0
0
15237890118
2996882163
0
0
19199603819
6710759413
0
10652273126
0
935833328
12980807934
0
0
0
386339426
4037152162
0
4162287005
3735498855
2741101128
0
26874206778
2528263281
1665988372
0
0
22015680000
0
0
7061528920
0
2642858734
0
0
75789860
3053438235
17876291731
6043395995
2360990257
0
492548336
21757332360
0
0
2544445858
10581120070
0
13478425730
10659055180
5822196123
1755114726
2244106882
0
8590284673
5704659080
2471232091
6108197686
28630231360
0
0
3444644611
3439246885
0
7640796753
2068549689
1315924434
8367215400
0
0
0
14502813324
20681701235
4883172571
2615103181
0
7149978287
0
2124243946
3235417148
5455700524
426721634
1546798410
0
14892301575
10103512340
0
1885804658
0
2758975693
15901085103
0
0
3980197148
12790847792
0
13239510701
0
11424932362
0
0
0
0
2947579560
2946852105
955684811
9282543340
0
2078611722
0
3228079360
8551709384
0
2481529508
8601653247
2326313502
439469124
2952329644
3354043512
10633051494
1108490730
1917776596
8934751119
0
6692305570
0
0
4013897190
0
3758156036
17836260717
1218738660
6561705914
11710307765
2955647534
1501102970
4595621048
0
1152806859
0
2721026751
0
2891731070
0
0
6596809463
2630847938
3952057491
0
5308048764
1978566756
480926820
0
20041829556
0
3752901244
554659956
0
3689880683
28263547821
606906811
2592266267
417110356
953433209
4522985124
0
9838086252
618498764
1628544820
11737142798
1412588591
11832167552
0
2075421401
0
9074601288
588027406
254049742
0
532634882
4192366068
89475817
1110057214
1937958562
4776084846
16399935214
973303268
1123959137
944842268
7944334685
1435932650
15254527960
4331330850
11455546255
0
6302799330
0
0
7879947656
81256457
0
5084397818
4118984634
13231646647
0
13524181824
1667856680
3510065172
6856438565
0
8120972771
2431920587
8879169032
25604829049
13685820743
23247055506
1455335760
670726321
2194265811
11482796320
1659540440
0
0
17187575016
4188926472
9042790510
0
0
0
0
8544009788
0
0
113925604
7804513456
399124788
16857636537
4173907384
3151851615
7791683096
1490868762
4125377164
25626418940
20738179894
2731730976
386319485
3853750458
883685920
8750381376
0
0
0
266760863
1825260897
7405047312
647361236
0
0
2967353940
11678093048
179554129
1351432950
173741105
2329493536
2831380306
0
1742286698
0
7409766168
2806040409
1354303357
5046526514
0
6457288610
6434174610
1612473716
817053962
4181241118
3820379676
0
2651864833
0
6555728524
564389728
4895103873
8525813613
0
1805095580
0
1334464694
15603984165
5101183209
2385586302
8399344252
8292737011
5785733122
13302631062
8125285620
3251263729
0
27615849218
3727426235
0
17249397086
0
0
10874472569
1169106828
0
5210486042
17228860668
1062786549
7976781292
0
14782004333
761168844
704451780
3081956364
1165633201
0
0
6635641336
0
2684059129
0
1663535255
3769206996
0
0
0
2264503361
11311935132
40119130210
16612975847
11874160607
14172055059
1160028964
9769229275
602447266
0
386394170
7331410160
3407234560
17633875935
10090874181
0
2124309902
0
0
3449431371
0
0
1184848626
5910196298
4456402721
2050722754
0
733397485
13637937880
1567105665
1037814802
12656385733
0
279714170
14292436888
1330110321
0
190120573
10126433315
4027690848
4270451402
222146656
21583115539
0
973877464
0
10500163474
0
1404134296
1452665232
1255673444
0
1208301212
1794976400
12264576997
0
0
10421689361
4932403184
6708998039
0
0
0
1961936060
24929000493
0
0
0
17759518299
0
4851800246
0
3051283280
0
0
6156124396
1080759524
3763318574
822380763
0
1289603879
1651013143
431640580
0
0
0
181544961
0
2922309629
590098295
0
4128589024
0
5694050440
4639698459
2375099712
0
0
23936490168
0
15435259671
0
0
928128220
3168729882
0
2026222699
0
0
0
5209579066
3625293246
12013684385
12788421436
0
246120866
7489097457
247950827
23322988
3842935765
889851779
26421067030
6100229490
5352604464
31829314200
0
0
2040226702
16817639674
0
0
5722807984
19253418618
0
7500028800
0
6208162900
0
0
0
3722483680
3691008486
4162951500
4399278410
6920725172
4569344322
1076053782
0
0
16057747536
1995246324
0
0
0
4080232550
0
2268210799
0
1386032495
1815810703
0
10420114268
4898063576
4791550402
13236846392
7954786961
0
956818405
496630123
17653267030
5473978473
580571330
0
0
4517514288
6481328719
0
11746028349
3562784240
1105805180
0
3724408154
3308675619
2407855976
4006538569
0
1268734019
0
0
0
465758569
1347402496
0
13149157760
509527272
0
2284513325
73372439
1717833290
251995779
3759576516
2568113920
6315683478
705044221
10465369920
11533036512
7813579164
0
10382391984
15656978444
55089522716
9410365627
0
12779053820
15286907870
0
3941725456
4054307074
14865473315
876105737
1451827398
4240205321
5661411366
2903583813
26417196356
0
9800662666
0
1985370737
1557392436
7627317628
0
0
0
10034811198
122868332
408090715
4952420955
0
15397167312
0
0
298055884
0
8810729480
0
263755236
0
7335291934
10270820219
4922636107
11683488701
0
5871982563
5161810348
9361630652
7884651716
12264881296
9834715646
10740566200
0
2139985556
0
0
0
6386779486
6639614912
0
0
10546751103
2618356888
580738681
6442894197
2710227582
0
0
1021955420
1865752802
0
7273927920
3441413084
0
0
992025697
4985260131
0
0
0
0
0
6147204180
0
9870450352
0
4202291349
828509878
0
3189252422
4113775790
0
0
0
4171070
283095893
10135921752
1769704276
1019676074
0
692296579
0
22978917895
196087894
2079543117
31936909216
16552083656
13641834618
0
2897091800
0
1213832436
0
6649106400
10353103950
11635758321
1764471774
9866446391
2078529444
0
0
165652830
0
22055420321
0
0
273307290
0
0
4602140771
3829540987
0
9551649553
808277663
0
6887144415
2928823391
0
2392362464
509093149
0
10436468715
5522296082
5086418817
4037976590
12948794716
0
20826130693
4623779600
2165801910
893467733
0
20348891830
4210194708
0
814350607
0
0
4366066110
3069639825
9862745516
4534123708
199235224
22965378443
0
1599442056
813834211
9236889315
794464213
0
409207758
1858737385
0
8960866554
646099031
1534506109
0
7291126208
10421459830
9362321256
13634862408
7447650659
10692493536
316951572
12374632200
1640911539
8980853389
0
302645102
7703244938
12521537592
0
4555273454
2938824883
6290291233
1603919087
6069357779
8438886638
1442951050
7004825332
3329121915
227147187
1534626576
0
10407599200
3817227362
1275258680
1611858636
10627312150
5231512834
5217023403
3614239049
3270357635
0
5107552302
0
17833214570
2067058805
3562003650
0
2480045680
0
8615784479
232970081
7367558016
1305616196
0
7654196195
393006110
16725863537
9071370160
0
0
1708637569
2731944457
0
6641566568
20372604875
382585752
130461665
416912178
1206866144
6532915330
1162901328
4376607079
977263802
0
3949606646
0
0
858003991
0
16533238204
1468858023
2167786375
0
0
4869658696
0
18913454584
0
2037450496
477484312
0
4830091108
2035517006
1915793600
1656552806
3970883710
1965230748
5086737594
0
12066458416
0
18305695236
1319194698
17423560292
2817377419
0
78201281
0
893111909
2990722787
0
3062012087
4089078580
2644534186
1941605684
4846774947
0
2535791328
2418149098
1322382463
15308499912
0
2246881348
3416169140
14951646410
34923447240
493246390
0
0
12173081224
0
2447053142
0
0
2895330960
10130616225
4938225227
1488226167
2511084636
0
3215470932
0
1297997814
16414419015
12925409025
0
177981490
0
43338682990
3077828651
7152779121
6676890705
0
0
0
0
0
0
0
1487343420
0
0
2306128540
6513347460
242399497
1600937882
0
0
892899937
0
0
6401752917
20360684890
0
0
0
2722373839
0
599636118
0
338312682
0
1240588473
0
11894224400
12616485807
19034213430
0
9162773556
3999892007
0
8823217258
3208355055
0
1813361948
16884801652
0
0
617697669
176623768
0
2371978753
0
4647506924
18767965159
1520975967
14199803318
0
2563012020
6535574616
11136173335
7255596415
967253311
0
2499979294
12016726784
0
5615376512
2184349587
503639842
0
30403878600
0
11970810690
4087929230
29053275443
4876956519
0
861876468
5226660548
4652383491
3070058298
7785640930
6121735627
8634353212
9811934745
1086432899
4824120850
937140312
5732651279
8360799271
907827769
0
4478509161
0
3421658787
0
39457564530
282860800
862375415
7646143284
6674987604
2979483920
0
5688446086
4499514544
1400168352
8412851964
30659891847
1303297375
0
18667803540
5376455218
9588520866
0
258469133
5278253792
15761571416
0
5443731064
896229574
1083403227
16244191176
4552829748
0
4492641836
277320300
0
122621530
677153038
0
27079891170
5709050190
7628232470
4692288338
1373581046
0
0
0
17676187140
1162381792
2306380513
0
2728219165
4432244955
44159282018
0
33006460544
0
4463722873
26517916845
0
2708692361
13833511758
1371329546
4149561068
0
0
12506615238
16876408744
2256865772
0
0
0
0
0
13618396637
1418321049
3907892473
4183008474
0
7370074102
409237654
4469805382
5312406772
0
7725432429
0
1823074464
0
1397623696
0
4580294872
537708616
3360080460
738505198
7208813106
0
3688422716
0
707744438
5404430026
0
0
0
7981928123
0
2513562082
7360929143
1641576
499257816
4147569571
0
13609026816
975490244
13064807424
0
6781448934
15357574731
9684583431
1541323385
993274686
0
6909945993
0
0
4848554211
0
0
25491147748
4281146937
7563569495
3873446822
0
20782807800
13581441005
3753028094
1613231932
23858283611
0
14354224477
1463851085
0
651872161
0
17809585363
0
6610339752
0
0
2000135586
0
10698307866
462304352
0
2766738138
10161414450
3214573089
3043306747
7011736125
934073481
0
1038030004
6244795389
0
0
3269908689
0
0
12592930664
7913844476
920536239
18102857555
0
5541645586
232376556
14409416574
0
699816409
20300440418
7460728715
977463209
2529948058
7594536392
627365395
355614846
4118277330
0
0
32609914632
0
0
0
1278011234
8815558656
1588462414
936800213
964552094
1937657294
6380480886
5472966531
0
0
1030792586
1098397638
9694261490
3798470878
0
0
3844703919
2499617046
1409892608
4787156088
275508846
0
1011296862
0
0
219138001
0
1718219315
1532331346
8997484464
0
22231531947
256078606
4274297427
600701963
614361272
2014714399
33529719480
3454082218
8014642330
0
2883172292
0
0
125578049
6100131389
8516782557
0
12469244475
2107587636
4308722968
1106940649
0
9458484137
894521340
0
1600028898
0
0
0
2090658234
6649341500
23974083
0
0
2182895207
147616594
0
0
0
0
5622207410
2734811815
1263928943
17823334410
9986663036
28214923333
5377462917
24071662147
577482788
0
733017900
3128242715
10926025641
17301422105
2360651765
0
486603826
268320410
1430279558
3846719562
0
0
0
2117684874
0
842492542
1882729834
0
542536030
4660380550
0
0
0
4182500003
32119630727
0
1290133322
16893938084
11704205811
451874236
8540671490
8610473218
6913263146
5303516356
8110403492
0
0
0
0
0
871596803
0
2949027155
0
7474593940
4918285364
1285029458
10792210776
0
0
83897942
4067999937
1636737576
24719406363
0
0
0
1560375926
0
5856767936
0
2457208886
73345833
0
1132136034
835764985
90971993
5787214861
0
6652009605
8579713173
5233115860
2082041042
7003811243
12673488521
2991983838
4952571228
566311920
8384880159
0
0
3771997896
10707194265
0
3280294619
0
0
0
11466189867
5953591617
4305629720
134596860
0
0
543906537
0
735008986
1401160993
260755306
13667459856
0
4301022263
3308896317
8606034353
1554129185
5735529892
755227711
0
7239024296
2140783820
4747269755
10968060506
32159426760
43786361280
1627276461
0
0
4344116622
349547170
954846770
962895217
5796916646
0
17630847807
0
0
10208276067
1780453639
0
9064516214
22689492105
0
2962193176
3770527445
549393486
3196536234
0
4575105740
1576627344
1094872727
0
2767693586
0
0
1695870504
0
6184724896
2388337512
4689681119
534243178
6338954978
9278015187
0
0
5679619546
22960543320
8161153623
1741539253
9463852200
2959235158
201633542
301008350
19943925137
2555544852
0
379463419
1200853371
740454794
3159830756
14315657404
7209036010
0
1326624669
16761342240
11090050416
9215459400
0
4013397202
2973121466
346507767
5023562250
2073700888
5509308910
7292063705
0
21060107164
12876350400
15502978418
348669072
1708728590
1366374844
12142884169
0
30968605770
0
92246793
2116050086
567757618
1243901233
3567758786
2295339209
0
12195896843
3411641640
0
434654306
3605611489
9316408463
4262014832
11543491374
4008603412
0
0
3792672798
2790392852
11605872838
3197864668
0
4483496503
610310961
1018025232
0
0
498682356
0
793629195
9002725747
1865292080
902147876
0
13376029512
10788197916
0
1907450417
0
0
5060304915
0
1628978744
9613993876
2830608469
1228014584
0
7233514832
0
0
0
1669128573
6439362520
0
6758091768
0
6708270720
909658580
0
2878987030
0
18237011005
12591217186
0
0
6894134510
1896277935
4994907346
0
355151851
0
0
10529167113
1004663712
0
2895194736
0
4445652037
3632148707
2116463810
22551855
15568384946
0
1675788099
3583226363
2109096329
360070191
0
511693228
3876430950
2856318237
25644269298
1316337274
821623295
4426071742
0
3387734611
1595873683
0
86267804
0
2141982670
120230870
0
75207811
0
0
0
0
14135134407
457041600
3735559247
13316924058
0
3448530526
362060774
0
119099842
0
0
23619816645
0
3150526794
0
1955671912
4004512036
2523393488
2892205719
5795168172
13185684269
2841211761
4598254190
0
0
14876809365
19849057188
0
0
136039077
17940376712
0
13664260709
11623322352
0
0
0
612300931
0
2224414352
0
3507101874
18215922385
1051281893
0
0
0
5925716477
0
6770533187
0
0
5813059977
1501801372
9959315624
0
1029034900
8713282681
4038931212
8529133328
0
594535690
2997031624
4436361577
0
585065354
0
14078151627
9583185600
14512616726
0
1485691024
0
3152266053
0
907817079
0
31179876000
0
0
741855381
2041439249
4929500505
0
0
0
2182571404
5915849626
32990954852
19935593313
1471493646
10929771666
1953908934
2296739041
4688969782
0
0
0
2165036957
247888876
4428900835
11045095110
0
0
0
0
970369635
3038268077
0
77808314
6814937747
6489485546
7928586471
8289421272
0
4931037530
0
3673735280
2592873890
0
5299675296
0
0
80778306
0
2847648039
5827845306
4516452212
4075616886
831534176
1360171149
10533055218
0
1834085121
667572324
2989666845
10221687232
2747832457
0
3219013888
10395163694
4885830484
0
0
0
6335461532
1003143624
0
0
0
0
3347054154
3881079827
3398988160
0
2577852332
1827872745
10330853840
3693906774
12037682369
0
3112850359
0
15218165639
27928877164
0
2069621356
19583891904
4271965333
3281397933
0
814626801
378226328
926953758
0
7704033735
544439815
0
1623377510
8472133324
3564877622
0
0
1812288062
173147427
1512647390
9057495539
3836365561
0
0
0
2374652630
0
901109254
10935333024
0
3356264849
4842395215
15661972322
0
12286739384
0
1258801872
1090025281
0
33147623455
0
8018573951
0
4592088005
0
18115823155
18269387570
633815629
9793266078
0
2334283079
592525747
1530221246
11354289819
388401456
27224627007
12249411405
34563740
7150114064
0
149618320
0
2284854042
0
1001988032
23976756529
2140098058
0
0
14032012220
0
0
1238291979
12102617457
0
1464899268
0
0
10746324588
0
9485426347
1656089416
8776718358
1302733700
224390819
6194313584
0
3080989520
0
0
0
0
177731548
0
0
7325784764
19479667174
0
21021518195
0
17519083112
6511477011
1773368088
439451940
0
35276840608
9817256062
32377102440
2208472452
5464321790
0
2902798124
227339542
0
168527842
0
0
368919146
1326991787
29648853446
1391268963
0
2928192062
5740712190
2448954588
2338996806
0
5552073914
930964520
1086409824
0
1886873312
644763638
423079122
533051172
0
166630788
5361075112
0
0
11886817492
2521264764
16367194108
8104595561
0
0
0
6408094465
1195003038
1781317823
2732402541
0
0
2029369850
425514541
180536251
428710153
0
16590390288
1624567683
0
23498844981
0
25097786767
0
3774744698
0
4084795148
0
1163856277
0
2289479998
12045761094
0
4226880545
16673175220
4846718565
3150704160
0
6710626230
5576865436
0
0
0
0
2541350613
0
0
715560330
2597147516
7413279810
16406470220
0
4820941002
1910395924
2530032417
0
0
0
163109254
361977471
0
1370620777
2223267532
0
3520950542
18226347286
10416448792
4557898698
2965837464
2522968800
4892958886
1586066036
6514190809
0
5643408057
2199641369
0
0
1609247554
0
14520763355
4664961206
1150464792
4616291926
0
0
12915675012
0
1980225768
4198861752
0
1888512674
10235906185
4783795407
0
0
1469305607
0
2184962125
0
6823074918
7740612407
0
0
2134659192
16600609608
19512268396
0
6603075552
0
3336468670
0
14849783662
624539862
9731718960
7143145004
4308713341
2505530545
3924574159
2629153485
14728252315
4130415870
0
0
0
2016601818
3794073394
0
3241286639
0
993833762
0
22271405
0
6300892810
